0.045901947621108290743496080275223432077747416552732
0.24198016382477204890408974151713715061688001975507
0.59525389422235073707330165005414167507187298966262
1.1066894995329987162111308789791642392513314343598
1.7775956928747727211593727482674818381162448089259
2.60970341525668065038933759253149298564482730016
3.6051968023400442698805817554242616218123187419383
4.7667470844717611313629127271123134000485780735643
6.0975545671817409269925429328462815303273185457812
7.6014009492331374229360106942866624061980189872819
9.2827143134708894182536695297710447120927955812004
11.146649755619291358993815629586658683590503538672
13.199189576244998522464925028636676829023360287823
15.447268315549310075809325891801079577072279486556
17.898929826644757646725793817752419816120841575864
20.563526336715822170743048968778607974606243114017
23.451973482011858591050255575933106320841633802183
26.577081352118260459975876986478462760742017585758
29.95399087234644550695191784002386410702805086223
33.600759532902202735410313885783504197837941965625
37.539164407330440882887902558000661904211460943946
41.795830870182219981347945853330374291088198848841
46.403866806411123136029227604385952412067687452853
51.405314476797755161861461088394784898812355519328
56.854992868715843620511922055659891148450496847922
62.826855908786321453677523304806497073841202983709
69.425277191080345623322251656443051736448894364762
76.807047763862732837609972285483574929685489053752
85.23035860754566916938706560704271665609945500672
95.188939891525629981308606853957324559609689457043
107.95224382757871475002440117665558513156426340321