0.061532037757520338069917825802735574342860730380913
0.32451132915455278205471281631963041134725959122788
0.79887396869298369419819664462349091312327394150543
1.4868863342221972166035267842205584518602194379765
2.3917558297927677788129367742193646876201406527336
3.5177974425035332234740250131736032092846774071192
4.8705603687334524497978019794865220998809163410755
6.4569913067677399087989909086043014923908989226605
8.2856518925980025061584166470639642332320665721678
10.367009043445766501223476577168311311078393167237
12.713825028162594491238104436679681067444186134371
15.341687572888509221434851546906618559582122329097
18.269742393895989940601412464392692764656177843642
21.521727850814163458221725430265920575695219608501
25.127477130115497228386898036028956093839779756304
29.125175108751015318982523333552536282303198994892
33.564896563116417072597736886210681008794440360761
38.514459677180714452158985896865305686345288924809
44.069807814871213769589211998535526515363741429409
50.37522660304374905291642506110870207166705237856
57.66830435043412359337472796655012216264645402138
66.402873068345171384503039154515601352419937660718
77.743227284712324616802355817705173475081693793472