0.04072920906171343897359024370138934975561856764584
0.21468745273514456929716134332468081797630492917068
0.52801038431934377707972910952832975137593986343165
0.98138617345907802054274990163884900934615424108336
1.5757259475774519583250974156610294188113819695972
2.3122282965132124405987121882788360628394695251262
3.1923979394931200889334117511283437714800433609747
4.2180641250297159631789209683382528068785517777029
5.3914027346738231891065698324802552813315676044301
6.7149632799157393279649155011081785283170770865329
8.1917017588376206933007210654603540731726093534277
9.8250204970927057888297039100243795800264571533772
11.61881638890733745703539253712387413436494647893
13.577539357307804533762834584842360756565166596018
15.706263395762777371360958008732823600943416093596
18.010773287835124876923986392381934173020149287122
20.497671107146630511367990673128291498255314010548
23.174507997799254137452731593991845072869053085173
26.049948710370233228151062711234783356625812679992
29.133979209544429425890121858490226002974857409487
32.438171837677936939019435064552932480471655963668
35.976028769894022679694606739699662396569863797471
39.763434104800269334205696666946855250051376311539
43.819260118606670766235287659519422542604253154953
48.166197974018779925110070597887820870022346334936
52.831925058015623888914775685037559627819591841202
57.850795022134440333461386746841736402440632641599
63.266373675384761537042803397253559169425506171713
69.135413883648159662333286354650854534119009566512
75.53443513472991657880774862401843850438498377271
82.571405523582648859789412485232977827204628954286
90.408523864400746415471728959017646052281771556856
99.312973659441359472477975314664039622857491426927
109.79599094490647515975889915481578998797092170435
123.17325317537592764960052495926168768484607572792