0.10714238847225231064849337697722451676216549264832
0.56613189904040185340603634717693064543650022569106
1.3985643364510197179275025992144287716373037236121
2.6165971084064112980836400847224337535666309299854
4.2388459290170332793730338992575910527997489518455
6.2922562711400737803937652302498285883377023860518
8.8150019411869780473334886803568430668642764509504
11.86140358881124257622120218797043237377018881206
15.510762037703752781847853295770538593673062275411
19.884635663880228333203659463385392049130103880878
25.185263864677758084297029782259824440331042628454
31.800386301947268371366328352552599378528010145913
40.723008669265579565897966700105932769163264096501