0.093307812017281804762903038367207700278197076330453
0.49269174030188390896010179141240173099215246375372
1.2155954120709494637299271648790029749872681589377
2.2699495262037432024742174137481721885680048416479
3.6676227217514372772490595943602877290357430909411
5.4253366274135531653435813259605345208492623922928
7.5659162266130678604973955581185545482393108008999
10.120228568019112734792739456817169743410911967059
13.130282482175723564099120417596531310187270022548
16.654407708329957822520240842983599653951575341031
20.776478899448766772915717567593436247705141256327
25.623894226728780144586828597669841397123940322411
31.40751916975393851524321962022140419634562280989
38.530683306486009416251516759516193798932119744595
48.026085572685794346573430850755662259393479711336