0.044489365833267018418850194524358233416558331532031
0.23452610951961853745290956130193160546366647217572
0.57688462930188642649155256937756348643457589149289
1.0724487538178176330409139771776175510053381523096
1.7224087764446454411309329279747167647712116075382
2.5283367064257948811241999055589137900710493711819
3.4922132730219944896088033997715361862374716120466
4.6164567697497673877620522961721405626759480638124
5.9039585041742439465615214915812607541668283048141
7.3581267331862411132219897371949960308308342762011
8.9829409242125961033782475267656959602827160810447
10.783018632539972067501949138058349906735031996513
12.763697986742725114969033082205900382220619733524
14.931139755522557319796964687308664047275166145666
17.292454336715314789235718383619849628593994177135
19.855860940336054739789944584146086177731254541063
22.630889013196774488675779339387331952625317442666
25.628636022459247767476176876849807949142138787619
28.862101816323474744342640711515511028803796336574
32.346629153964737003232165423674687287660363729026
36.100494805751973804017118947901272055303251161035
40.145719771539441536209343928925637114062361118822
44.509207995754937975906604377521399736252961617263
49.224394987308639176722221806566341641675833821037
54.333721333396907332867181551169383733941786317364
59.892509162134018196130475324669375405091832432563
65.975377287935052796563076119348590762114867100526
72.687628090662708638675349087774626020061028328
80.187446977913523067491638568690273176032280597127
88.735340417892398689355449524296440677535281104659
98.829542868283972559184478409520487969362363377296
111.75139809793769521366471653944925242242227197038