0.028630518339379081947962708656302001755872735591634
0.15088293567693373237582310142906647723217534449392
0.37094878153489643847153049165307967707821231008939
0.68909069988104788096201796508727519781294873784046
1.105625023539913423307002473710965659693110455514
1.6209617511025014148902112515713028393749624121168
2.2356103759151801252034050296411261972466527091147
2.9501833666418351203980232659119282864865645259716
3.7653997744057823295564222589901166816553231429264
4.6820893875592845835220263442336841464945592414916
5.7011975747848903101166526146010648735844919638118
6.8237909097945513773072673122669894130215155427058
8.0510636693907921610090445968169780014783692599918
9.3843453082584069218160050996629291361897100542974
10.825109031549148043351355987342742777697810660353
12.374981608757462086026092954097547809491678739866
14.035754599829908267662184024608350542447618790659
15.809397197844667382299638603317389117338723319559
17.698070933350249297866827253101020257491464735418
19.704146535461564638172345709531450863665928554938
21.830223306578255095015274821691951377465000487187
24.079151444411499486096094407192075671229496312927
26.454057841252983896636395072416272259777000776388
28.958376011937380402502227588693971040103435463454
31.595880956622864624719878611719889955833978588869
34.370729963090445531946024085293184300030688110466
37.287510610550486553370849871620945301428792262114
40.351297573586065598189906769131966006549309687317
43.56772026999502122061981974675178349473066392775
46.94304399160303808351664545910282857893523047198
50.484267963129922655819865583341929169362838143207
54.199244880168622272644616942310205984116749715822
58.096828017248526501466288208356230921465315368127
62.187054175688905655336930839050039399591727604444
66.48137387844481706420183002695386886716016801868
70.992944826619490450603296109482089067300651498789
75.737011547727312131235696739944219156207161962645
80.731404802477688710093102511232124158627336838682
85.997211136463229075416953390793275690470249249759
91.559690412533876381691400295167195160161536605475
97.449565614850555658049085766029289097583182218627
103.70489123669226288503719655749851871152799940255
110.37385880764028208838993126894414991274397107815
117.51919820311117548592374576469650200928074836786
125.22547013347343967114829814124728553954854675492
133.61202792272869499369627490754275425067326313755
142.8583254892541193916961151836727281537361147074
153.26037197260358659901800937894654983317608781926
165.38564331668254037715692090549954024993728584533
180.69834370921451684249948599944532672400777633753