0.043161135617326892191733473820554406694317949294558
0.22751780280337112385029022691266057641562235762625
0.55961665585153988758628230391573925056549706622559
1.0402685077510020538220962192681490780349845809664
1.6705591960757151909256297325670409130561992015872
2.4519207958976305465107389819246298893844639403925
3.3861553375880048323018785183153819923098736341757
4.4754594983997714570205913790464643515110377415305
5.7224547202721035226679081793296538727210124194333
7.130224344400108016314140395335099324301688540187
8.7023592306214062489369639945880847400958979564168
10.44301365020598242684552938388021600799108539176
12.35697375935028596244412552364816920471615448629
14.449741681585540237714512117773870128739311090179
16.727639218638322353261522994178356994152136067857
19.197936587212446637228308822202383617836546429932
21.869013524928189871351228704277831054221002902273
24.750562906157795643373093198733293168438211640822
27.853851111413356779774737553731911272909718088315
31.192055545575129867773429598887954990920850267559
34.780709153538337700229252185263601979974019885966
38.638296717774030225036062275111027322048443248264
42.787072078253479487963921992653022581847616140129
47.254206602993265817269082976668434723556068485507
52.073451901514220267164020048233247059683809006485
57.287634541092940075451484107779921724394079297727
62.952565946906630207190633686106319484461990169023
69.143513380109892445736634814680450749950080323591
75.966687014247062343793979024957127879538235844606
83.581637223270880761419233605010363319069401439683
92.25113944413510123414811843913461723716754894237
102.47784433682332257582598474954650149702492345287
115.55475644899580730687685079251791960626817201095