0.031776956867005243745541070427860797716771695144505
0.1674725165758982830406307514748400828287796181138
0.41176935189346142362215307498850206466361025450101
0.76501433412687708616049465771743986102197643204459
1.2276394084198347378933663766673631418155689703787
1.8002069428945057168732064238106831919011101848556
2.4834175141915700702932062841058965338700532920958
3.2781154527749749007240814723085294338773203692379
4.1852949337854690245913599380959159619134990550299
5.2061071301655185630352049171401505519350293248681
6.3418686461714186534455052796025712328595362844003
7.594071411821773529671523082772535590431753226326
8.9643942355384919505085292684056472480291637568827
10.454716247741847954994203302695763768920706479765
12.067132515934922107061150159132375384269713812057
13.803972172016244759285796646090473461076377582489
15.667819467696850390246083170269343609621714994012
17.66153826798024077117424800704467432788158075792
19.788300611283604449677243085049471177705341670295
22.051620115564308515474041979508390055078723362942
24.455391203193740067160336499093746274693706736295
27.003935367666315412692976690790971417205056476658
29.702056032584271100424173418468792120766248962918
32.555103986001469657828668864155106883720775416617
35.569055951600568047487905934278726690329701161938
38.750609641045924384036252303629538441273731818752
42.107299705811617091137722882677702192676766117952
45.647640501793117951479216694522035149957322455536
49.3813036948109298157959864308929753372073915804
53.319341780002240081493865973180277890352568967588
57.474473058814141715024079819852355047971124252292
61.861450326356239998102442968323278844208479415947
66.497545839444643118589912460431116550267036454059
71.403201447971489026547592313927067509060758430617
76.602919389219769644710772364914350549602826366563
82.12651428341142529944516029514031185427084301098
88.010926374693915899567014068241190840510610126266
94.302943609709913233645010021002518374270616338533
101.06347092231989498334456792942903032861215959043
108.37460196797775734952361386484572936036538105167
116.35218467519680999742923408316778550547773595867
125.17034745017208881392877389248705373703161597382
135.11619015017160228178008952687303064377561320411
146.73979649749683700736061634276364798544618860186
161.45944790908845988994644540960323299352741040615