0.12579644218796752267579457751645760861147652225315
0.66541825583922784167812783941987786343004655397682
1.6471505458721693095870032136530529757180737419779
3.0911381430352549533019593425858547511230444788244
5.0292844015798332123699950836607509802964279097837
7.5098878638066168194109971445000919099275801978258
10.605950999546967780555921645721984367797683751038
14.431613758064185535320045034879276231567709484566
19.178857403214678647817485398890218525634085053557
25.217709339677561104090944779668384090899936664241
33.497192847175537273191725939504050694993935641956