0.029811235829960110682985366739808914065917272442115
0.15710799061787630222819517893986751098831308358548
0.38626503757645558642881662943885617193351675945593
0.71757469411697225457357660805598928508298449435674
1.1513938340264346398018456675525836520558467713305
1.6881858234190472059228500412748264089647546376301
2.3285270066532287333276479820444333683565957408972
3.073110861652638835752815178440078669795213355671
3.9227524130464804940437326266919371096079591795465
4.878393355921346109238952223513738086647206758923
5.9411080546245589686555784381718679506855067978773
7.1121105358907433539575643690855986348285797528199
8.3927625990912246254327558403581589897759126186975
9.7845831846873232831103993425367865600544094869282
11.289259168009527145918955332686303390700008175336
12.90865777828553089511215274644630591361071824108
14.644840883209705821425419054161071028856150005795
16.500081428964586133171800702352408426572175163413
18.476882386874112817059546129128531677698037354518
20.57799863402220950485492284778276784473463798336
22.806462290521371661775594330179511573912379281497
25.16561215643910800647469320773013653031126772358
27.659128044480529595252296180559769845687061276281
30.291071001008567238994023988210308502422367870253
33.065930662498744166945576039041219593513967356272
35.98868132747893578293303303441608831438611689182
39.064848764197770183374385727728902297289638299628
42.300590362903093582524135359107160908689324335315
45.702792038511470367674105224060992347600243741914
49.27918638283679285985588363741314406050077007109
53.038498087816664726378446288838486249683844925211
56.990624814804475826011973803211551066580681298994
61.146864786140228749998774407740858081709773199752
65.520206929018606521346903625644240152810161599943
70.125706236113191551660896778791844937594814918289
74.980977518911310591405672890418097024456067368527
80.106857350324393801600235740319374926400586915708
85.528311116034167887101614169292354711871295901566
91.275707993668089450661845884767714502548824148897
97.386667713581531830136877038250723487197583587486
103.90883335717625466902023184223044030983556116778
110.90422088497627549041557353489213504904613928313
118.45642504628363202460725801536193667935730511357
126.68342576888583092966483062580754380082318283038
135.76258957786430197338374081124783153357544733159
145.98643270946345468949298874628576102128337243717
157.91561202297798952178582196849380614822664449489
172.9963281485632534988220747945561467476711329958