0.052579898206364311723767958455740172564704253201219
0.27722910598770463964023268308813023426409726163004
0.68216391137800683477215875117594290381695314771102
1.268814180750756801615206481876893670457346699001
2.0391592782504855135863509381473076128511813757048
2.9958355818751640333548643242585685843198078638757
4.1421944825632467620850881384606807803417036318802
5.4823717160490678276554222395192686379294595530973
7.0213760246055511674277489476785812907185321568524
8.7652027168507095569312539872848595638570817809544
10.720979045996847232284227615952222031834501084546
12.897150901909760499333861922964425618064592522156
15.303724197068925250042259606989039818660590331486
17.952580164010659705662409344566091460999169063897
20.857892743471171966890912175470867307473815111873
24.036690385983112966991145794574355073545498177047
27.509627633675776866581738381501385668428604033475
31.302070792021055544400690940909439982477362768062
35.445670666132857125133110590524366022166612806792
39.980722621126703658832506346674440097307114011985
44.959864785337983665806158523882511095672032320316
50.454196152727714412835435821769347582480063488122
56.564130901518344418468882551050608174124152297232
63.440546684688830166249720305188556994886862039786
71.331848055160100581828542080666628560275340778712
80.712763847096054383654490641139186800214930159383
92.802613525557044106211812906230554260267891281223