0.099747507032597574573682945251433732849603579839371
0.52685764885190289640458345150214051726345003885115
1.3006291212514964817084202211569857435644440547503
2.4308010787308446361699975103839831795758034729374
3.9321028222932188821313436677763901743677231462502
5.8255362183017084193389998389849926939459224928754
8.1402401415651450300597804605200400135811494427105
10.916499507366018840813051090408562918776029134103
14.210805011161288683105978082509492366054109733828
18.104892220218098412554627208297871875299155685169
22.723381628269624823228088698478093397573388953516
28.272981723248205695415892321792259432913212010101
35.149443660592426582864312136374578367282950253361
44.366081711117423041631242366563175586953058001708