0.11572211735802067526719642824049422371981805287062
0.61175748451513066539163005304166988010662135550773
1.512610269776418786781737926866697246973609916394
2.8337513377435072286274717765721434586744749567016
4.5992276394183484846057292248505333063864850146524
6.8445254531151773477543304184938407896643044488694
9.6213168424568670439123823492309910941421457731566
13.006054993306347720346052429401001984505838945536
17.116855187462255728184052800759193917914019230472
22.151090379397005669921895083663788010407725298708
28.48796725098400031256860723252153419851162040233
37.099121044466920336638914276358111888993336604802