0.034840064125238809459215448963089638315703444373475
0.18362508701663887902851562149516565971723842517362
0.4515250589055154224121071564123945809566624395925
0.83898561090793533797051459400760425504664584228658
1.34657594330786687470157329927454313140543712656
1.9750399593501583999907138464263100006252730834495
2.725306712073091281882933637526827737917828143752
3.5984989447979380379483555484849213540511745616915
4.5959428494954165700755075754669264218849261242919
5.719179699834658468762359620386033895274879170569
6.9699797131065830164933842610716801099759174480601
8.3503584847075965591792676470101365931532067178951
9.8625963957096552517740942864152870621049967362856
11.509261481920799443498917829507139500841429489371
13.293236368102452180890110121753768689290077830631
15.217750018641350928847654376522803434927002652616
17.286415245392345524496855177361654473477420892716
19.50327315837822839265597446872809055466512953719
21.872846064998995469112922916502609258285066985534
24.400200745895845490638632891392991968399529972541
27.091024600043559584172704420488000776937562493604
29.951717915215345229868159162548971869349699355399
32.989506567035323102319012257483594383879695497932
36.212580906969973174075450507983460438177033562977
39.630268660325763715873765050748209812713881461583
43.253252621717827009990647263421201147692622118877
47.093848290141173025387729297058515117502512381067
51.166363119549535710239358079003090534942411926309
55.487569107236477253946847154314171887593128983465
60.0773363233171888261195371952452202552562016607
64.959500893677605811565029593614351014967549067531
70.163084782414735798562421942424980166613927401479
75.724062085620903536309256430643220928831381079643
81.688010100019290208667134286569729467403890590686
88.114266280378677790470791265165994398615919756776
95.082812148282208655408662354418614098893032763178
102.70650166143908976102309134589060076471699033298
111.15492195872506551101721628034993060462284463773
120.70758256104157816476553017744015273513095314952
131.89975436227674667340071658468882032580506160479
146.1105974479036211169973290257891909500381535492