0.030438884194376671863195979520516387832189792742688
0.1604172498293430613369447495840112003192544828555
0.39440778995299087489808019870697723177463820299549
0.73271952675175070453882235759739011645032831379254
1.175732253126040550868965312768333582464974049061
1.7239395365736023689366798508722127667647317154236
2.3779555903108984048879179359498459517085531044668
3.1385198338131876784510253219110052480179383838365
4.0065017929176704157071928740048160770305013974383
4.9829068110197710068701163274210444010206245818573
6.0688827507933387351973638206598578283634729368315
7.2657278225341816983670332575051834375438742574821
8.5748996822157290750668334682812884468657093764007
9.9980259651721840039614957721813225889577374509571
11.536916453072441887171996640431107196763837050502
13.193577111793073557421012491606533118039360939456
14.970226287158926355535562030798657730772789148995
16.869313406535863859356847084829809950659674541314
18.893540610094289046194401548753211646072068118997
21.045887830482657527173159357142889534919406274505
23.329641959391279946915576518475198697014660000364
25.74843089179568479575160371714555175567044776898
28.306263434108247614358800615739840754383666929062
31.007576315590143404979113408902511068539472726585
33.857289873468370726761554028345796553890792997634
36.860874419895487893979379316571698795340619045758
40.024429884141966579768894974268419588274286153737
43.354782115681529103685412396827570835819690542822
46.85960032081320646106023396476302401869227281352
50.547541618755598527456219388739184345654739216709
54.428430843994738576019321851671026212602370579805
58.513486804296581303213885232751279301754590241751
62.815610730259889493761990869457063229849062390914
67.349759445468815627768275069851878535757195882427
72.133436234003722936323905121830861952063483331889
77.187348901259422500530139566273701030924429981931
82.536311480503594958383841566662091638980979913466
88.210511654054112157186974809981869050707591237848
94.247346489823245856799983965207667117011980646455
100.69417855741631590817061329437476160850776538183
107.61265906289713365393276702631357714331463837282
115.08588962682499029408803805612436400802321543085
123.2311494632021437613424554626498138394676718126
132.22474051182369230062225355049643205286071497654
142.35739797790497494809430017869050300538618855329
154.18630184947221854986907379360616140685646601081
169.1484723448105746353707458737521380103093429397