0.078169166669705471298674761533442023370220979551937
0.41249008525912929103910153653581871811771463132417
1.0165201796235396891909368618668855701206401569414
1.8948885099697609142672783195412648425645570628064
3.054353113202659751152411307188873720946276545317
4.5042055388898928263379557145489659831509941873015
6.2567250739491114527420911632631325424397973997244
8.3278251566056300217047026156366702569736425802806
10.73799004775760933521790333966296316427852438555
13.513656207555089819086381210822127397981969779753
16.689306281930105937818398416274447581466477919728
20.310767626267742856131376455327358444583306013385
24.440681359283702765644225798044826046351357120188
29.168208662579616131298067780459902617589068898445
34.627927065660172145401242943827329353360610031535
41.041816772808758139294861428387138227755853533312
48.833922716086522748658609329001988025490585699449
59.090546435901250703715781018076865483458403075406