0.031093531078462256869741968238979959254142894045421
0.16386895759799727358832179518703369732710101291343
0.40290149286506743572658756419585517636440345357169
0.7485182906748787329173578306251096558130019877367
1.2011240909613833806223158969192539851045613987603
1.7612453589179552208069127851671172140393257184639
2.4295375869286029879729498027059014775202363227327
3.2067903153870169171723509996146604003160040497703
4.0939325881688610154730408425352125998503110797112
5.0920393354345608585671749962511395610566918260201
6.2023388808817499442958700010215040940879753286789
7.4262217297106497647337986421818044089003956760285
8.7652508048712411787077702527801124544059678502777
10.221173327628088328568559012369666473411809025602
11.795934577337397559230984780875443315011088619519
13.491693814231856546785376351540883728822312651492
15.310842709718072053208852259761850185141542488418
17.256026704201807943105203751167485404711441447445
19.330169806957679403513797656352258376010510453361
21.536503471733218119144488130186517168621012952594
23.878600333316580117274322928785948996964790234184
26.36041378469989469157661518671281632113191161228
28.986324626202095790382055807406216664991626055569
31.761196347139468256790772477915290636790419999822
34.690441035807038500844113139523053452329044307927
37.780098495369832422056027888939449892409406951308
41.036931930855838394049847719106353820223878420297
44.468544652949115715918461575595466298914206066518
48.083523748486535019226813618148180453489530042233
51.891618795465513383379809354256673411432521880652
55.90396676424932239662758020283143637087459649341
60.133378745428794186206366317208276096007592903719
64.59471089618968022704793961477317963010773463644
69.30535238010279065851317118773847684900764744572
74.285879491690093113855264033183451419856188264405
79.560951944991713608125777475439044277439075159027
85.160572634859125529273225397932547121408576024963
91.121912202056634452420870972224299091132619732158
97.492048245432594110176925603457540145100260914105
104.3322617130119202469933139333164703284829272964
111.72515396174817365781904077051465335048980412381
119.78729366926190454310207083433980465375969351696
128.69390358564943997581251820516236941474040371917
138.73391374797265590767253449937498723895611150475
150.46098031954759878526472820468416710741982025419
165.30281857222909938857837773175205762076977620284