0.059019852181507976972979653612201481726394613016624
0.31123914619848372685700619042078390133087595017522
0.76609690554593664623877953395693431909998007572917
1.4255975908036130863134909138893760338240410731004
2.2925620586321902949520487372015805167722887538742
3.3707742642089977161982634826689469885153840821519
4.6650837034671707920584538698927408548849641339872
6.1815351187367654118434913309711431803889536791475
7.9275392471721521793800763101617104476813159052442
9.9120980150777060188272523114296729612052521733115
12.146102711729765550064548469194233808094453741086
14.642732289596674342285480467959522470029837803955
17.417992646508978726318323571627442461222899767295
20.491460082616424706825943235081199261893460625282
23.887329848169733175323378678081326645783896937929
27.635937174332717420270529794814801134919560507711
31.776041352374723288358004275174904358944349993255
36.358405801651621653107020590778121876328515934391
41.451720484870767050715398860234837880970828129611
47.153106445156323041370826795670114752466345334492
53.608574544695069823791075355843972918448115373917
61.058531447218761563808142989891703404741550255573
69.962240035105030431487781894798159301994005282282
81.498279233948885376631702686644569038732729873483