0.049014489994713646422044562919568176387019728437894
0.25840729791877858038225546374831599679902343415947
0.63574721580068027187867598188281152481316757492399
1.1822010556248429508672162262792233569766786171726
1.8993664980026823850151204993854668928390277401712
2.7893635383562917989492958693492114708350126909612
3.8548761581952923540917534094196253168419402450088
5.0992000886986005335181438505699291452999172007515
6.5263028851929060402571169682168615878224798599327
8.1408997332230320229562954316677217789792476938724
9.9485488936348848046950638712815478062650648548937
11.955771944042638354546258689418305023751008680131
14.170205843320575452771595803827317002510356897203
16.600796552315668229678847417430309022609469798579
19.258047913130726765876117722047935256306447966276
22.154345434871591217854141682993608603652189246828
25.304383763050153815093080746864731568463680314188
28.725741025266422850447860499282662538809568490485
32.43966674232438289735712499387345266851287444979
36.472189713639477740809108391202592140590738144208
40.855722336729144339530504260851615043689759110665
45.631467701277814615632539646728781923868340212495
50.853191515990184192920524646913969010226714441267
56.593462896661908284657934997947304244986779220465
62.954728501149267077177513096735814990693613681609
70.090894596424175386308277202138933274766985951517
78.255370419410440893093531631146039102466345576818
87.932593642986127199868743512349922873557374443677
100.36749160276659529734331292352642265667917373351