0.035700394308888385122084471286600855447170762814913
0.18816228315869851600358934621909591394293666113791
0.46269428131457645356493752456119036445360737530159
0.85977296397293492225727222468872241278733624877213
1.3800108205273371864980003295952655980266946580187
2.0242091359228267334420660028001307551382495867851
2.7933693535068164576535144860266403964641176602602
3.6887026779082702095915263519086869853226842781077
4.7116411465549726936187228362774736997704383014234
5.8638508783437181142731642379958298737063336659064
7.1472479081022882506856919519794236271627425626222
8.564017017586163762718522042088132329834223235875
10.116634048451939406849629656395244803078763144976
11.80789229400458484284158670436063044361624976829
13.640933712537087228371676360650120272664977583724
15.619285893339073837201963652188014575529877065963
17.746905950095663042573877495424377286129283361778
20.028232834574890529612614810175117254644494661203
22.468249983498418351371786228994536610130643377903
25.072560772426203794396086209400976984928647204804
27.847480009168862720751704140455799704977103345221
30.800145739445462700754385196191111466806525240079
33.938657084913719609098858586281999025873238496244
37.272245880476004328320760990607420709008825810101
40.811492823886920466155675581600642667953251587249
44.568603175334462707123020634498355945521081304283
48.557763533059992280962048806706793661448765941115
52.795611187216932969352021137391763864681330119913
57.301863323393627495033746995892165165394807293789
62.100179072775111612168199057898992128296274498277
67.219370927126998799080277551888705482491990862762
72.695158847612462117521927724261938587543180945972
78.572802911571309280543896833481259682513746165071
84.911231135704984542701564709666318673805455422378
91.789874671236376992337193480627315365272611690889
99.320808717446808250109054165486812325467139095985
107.67244063938827252079676761132266456489436636241
117.12230951269068880765064412355070215650915273018
128.20184198825565119254110438963126356905018343001
142.28004446915999788834883535954176420971149849241