0.064267628744808908450266367134504904533123306539204
0.33896725481491102046885298434547623209394909157726
0.83458998544917840503245824784160882773710214866766
1.5537133867500260921738732328393720660398267051999
2.5000062367361724359044001369720648076972624697078
3.6784203444636370269741438074645769595376383793016
5.0953490689687381499758058084850077220272773977234
6.7588355158135488138921762542893820980955800681241
8.6788533136784274578755988370830298101063454786933
10.867686893540571626981007547736277310243252216827
13.340451051495240572480006630831416088888054833196
16.115811338766311559617571963070003996909291209992
19.217003684901354279935792436867770840369740406739
22.673316601434590091006125401244302004891983040889
26.522319587637137939225741167174769834291908740492
30.813357944506558120378272334723483650085710612389
35.613335203196170034306287110702825918061181175339
41.01696859847168530214606830921764398696400500089
47.166757849153520459523477239200729875293728989424
54.297385256578884239447463292013353658912230389828
62.857096246299029238799941404776090188721997319646
73.995507008599498225404669485986309218498811018816