0.050734624849873887592907549775698719672826587494975
0.26748726864074108428933027848280409194150933693115
0.65813662835479151933283447127540367935563353407978
1.2239718083849077186912522851056213705560061509175
1.9667676124737776997954894733933185182161769470714
2.8888833260303218929267550671533750994515737309653
3.9933116592501141361588518243933259168411090107248
5.2837360628434425628039393586845536427350123290637
6.7646034042435051551697476010460185554530334516539
8.4412163282713244885843285588690555105351157044809
10.319850462993260103906290960609552046292991337425
12.407903414460671738667552524969805354230233637563
14.714085164135748813295321544992488644268670028569
17.248663415608056266457823820669610364407868990328
20.023783329951712750676862265476834702515932881548
23.053890135030295970452034361020677754724698059296
26.356297374401317619613203322869826095312269183711
29.951966833596182108770744837775251496756463589933
33.866605516584459211696175967258839899227179281599
38.132254410194646778899560021992115355500217300138
42.789672370772576270077087846169058248193685855789
47.892071633622743673352348036686449969083835952697
53.511297959664294205434559257831571241446729408994
59.748796084641240821965883279472259346652751048787
66.756977283906469553713855986529650347473314378126
74.786778152339161834877827203063135227423037311661
84.317837107227043055543085298823924930191474196946
96.582420627527319077254346995609773871540650773507