0.029208949494039041802051340503500051313712154960576
0.15393253808220807687286396047782744275759084588346
0.37845191143399290464764374428009526135536490325786
0.7030439688414298320424681651619231838936024378824
1.1280444903095911590104159898012113130799719023314
1.6538890653988436359118527212383359053031840705273
2.2811192334764465320896552156880821906984316061915
3.0103862812012883052899823523899496573993915493951
3.8424552273966829211629060730120185328430693514624
4.7782094313820545367662395148990897285621652861916
5.8186559764242346172802845718085735690616431244216
6.9649319334670869019542888409624493269771977329344
8.2183116110416122313027774335446090784606269000042
9.5802149118588324906494569999784302350573030000476
11.052216938021527932800913004252785285735703652302
12.636059013857258321076433086130912890397139313901
14.333661328574403394992815547247862496048147662313
16.147137441534024491263244042333596078118450088111
18.078810942749133439428692017624369316191483608328
20.131234622737801577631756236076033307781331907085
22.307212582338767812597581937601409385705293408007
24.609825808892310948810623188835332891483266487883
27.042461866105614232320988234969164344071168357878
29.608849498801545394863270633749023091422561492856
32.313099151279634561718412460353774822195700489752
35.159750653922479025552036191775612334647472786467
38.153829667484568177712404700364129719420864130718
41.30091491717404719750119180217997309834877648472
44.607218840628768181283186618057069874868357033712
48.079685075367357050101336534191592024632284042945
51.726107311014212164860196591578609417469024552575
55.555275562740678449629337698536543240925450783144
59.577158088622115923501632138873837409906124502612
63.803130293042612383652811282659157653908207205925
68.24626653908353044698274550576364069759014592243
72.921717668009479919810125397735953408921236576362
77.847207598448202151816938041439670669578262564347
83.043699098598646674640562059080923596783945690727
88.536306111979435720017671076766299925468886503018
94.35557619641319288989120395056345739774097652147
100.53934816696116679177308926992646603274928297176
107.13554136224855814149160902816159913574897204494
114.20653122712858723725118533650237395150485233244
121.83639878660318539969387229195132057397645289448
130.14381522449526055616728781390462556222306328578
139.30719756334274304327798866557691897748567282706
149.62081975792771442406107404675119935189727065968
161.64877015704720903095111727771175469940556335691
176.84630940701588372409177936702691185888535299187