0.032491102009891548652356758577332501290022318430435
0.17123817581147099156838588521036627048408112034305
0.42103666620350700365171124602816006895762619863775
0.78225492892140341677827312275206623882183532727358
1.255354634939859281610184787607784980323318977307
1.840937413089373066647391624122475623719681873712
2.5397531805693488219917535617557558584514730166739
3.352706287888151330050880446016638765634000260447
4.2808623390397896540676644572448423196649388982909
5.3254562311950980117590491448486897971458105717509
6.4879016571002008987076561366440959945623476570271
7.7698022801391393551016861157718320179731702686837
9.1729648155123339985128633033049819785371457030688
10.699414295322846002894889017482307807034745233797
12.351411854387122414525534295109402310446734996766
14.131475448155771761851897584118099953642380725294
16.042404007748893277503714221833267254337310629239
18.087305655181373049492657329005255877963464528883
20.26963075190311587218218563573240603764913758912
22.593210746149934807493989699364560671915883255579
25.062304033571887876801658414932744765795540178557
27.68165037108935972070897541242495194059805236671
30.456535814027974505964999658644964352130187259163
33.392870721505014605893415167838189606113251265754
36.497284153138553231914221679940765652875658579203
39.777239047486089556929759755181549236477671525783
43.241174058322882201466561704995778599024796247916
46.898680026400839804018447151294296536831324258077
50.760722089977991274988654715006513386909876859091
54.839922879698535962373485799047588501608461921003
59.150928909531060329798301054634308752581937758487
63.710892526662217349835512140639331765872728058606
68.540117989985371818916921328607856426698795390688
73.66294669057056617651968107185713554347377755141
79.109001271316640530327133089346950722775734591547
84.914987385294541798316540316767204380950610751001
91.127398402554592499435877869073255298205488941873
97.806757212689051110377159755695795234900856390468
105.034642005105224618102952698351063002630085621
112.92616932842080680467801727193675192939487089468
121.65435750452927995045507614557480278373072736213
131.50445027042242802975991782416368768612461331931
143.02290852939820170662593917172199091161645538674
157.61844630703226397074606642979220065412338837047