0.082638214708947669054398615197970677708606005282015
0.43615032355871043637595902984653853079501377148794
1.0751765775114285773298031675488539601835104745848
2.0051935316492322407029337193320418733629066374669
3.2342561240474437615738012069575580344932917954131
4.7735135137001972648093207626240228075181798470665
6.6378292053649526654164392970331808768884160243817
8.8466855111698000536947057118422801874258158009994
11.425529319373352586972615146943545893636267296996
14.407823037481318002198287495918228752234429235054
17.838284730701140929065875241206742395717800951522
21.778268257722265326174908052169546538774891163827
26.315317811248799776614959836899218969787860223564
31.581771680456733134390851749675365045060607334247
37.796093837477100728609284666345478136822320865137
45.375716533988966182925836321492113857718426457796
55.389751789839610664090019978967313461871656115174