0.037555152631354608122482421368928242630854492379821
0.19794458664739192745537551224619803809981044415998
0.48677853794905542164972639800722450981883122638988
0.90460535928587752445928622362430186177226137093937
1.4521383743802574967026299488722330807910694599131
2.1303127444946319800624772783112693619611357657401
2.9402991064124611825462190304856489917164984073386
3.8835158623813616160645942915104910818906776037643
4.9616435945105017881966567834078201708965289068659
6.1766424488475034960548076418900141848309403564196
7.5307730487089647778261023926613622869616661537916
9.0266215371405086692084623993717888823688043799845
10.667129476366350602857842061448192113713894892658
12.455629514164643840243626039242394263841529547524
14.395887967130328624963429476887583764292748963833
16.492155785241290761677841988945312988383986677187
18.74922977721840424483122098568833134065859444706
21.172526530207101622742189332129328799391526533094
23.768172206236078108417709703016366228042167626114
26.543112424285422318190527543969536176618149666753
29.505247864500495661878051382269928866797098403216
32.663603249513356895263437649037809706279895496956
36.028540262615959514260178908516079606596179073947
39.612029225871286235247054590600588278840965833698
43.428000756882291988900187415399402797704419474839
47.492808455383804299038451675884160020421060303568
51.8258492113467404152736783265102339307869245575
56.450413076256308805689152993544705837102664462371
61.394877520887775519088396473725529123877060345282
66.694436577558883438233126255860361647018513084883
72.3936957577719294109066072420889262218217409485
78.550740220420749765914652918286055542215372194207
85.243870229969963324503037336090921006469213340141
92.583563009234963887535700317041714648133043996436
100.73580738353035547150139761211260176783354099835
109.97410535894638131840884097181865852739051832484
120.82200951753452306370407816076662392845431808896
134.6277282875347403723807623173613721735757941504