0.034020225498337701059198372608053356985394017754597
0.1793016217826621309371820821343960091599010809276
0.44088281003086862404623545532888786926573028934573
0.81918127183636605029427920692062709872394665821302
1.3147269358128229041119023430325519614784372097901
1.9282116996531315400994429281538352142575999626743
2.6604990777125693413821365810935090430221452169573
3.5126318259828923184365636035270217663137117456698
4.4858405734692357699561214101826863294940725104056
5.5815540731767317762609030438942152359558306941716
6.8014113824983142088508928557313030189439985378791
8.1472762626322374872336867813752142685638603521381
9.621254129603838747894658762184066961496084111326
11.225711959160542641955203244333502792448999495719
12.963301639441168768376813210958125706474470561499
14.836987382033087474011270302942280372023949219387
16.850077950596121949165172752347854771659985604499
19.006264656644726332853425294628488692421900592753
21.309666318361842428286903388402104943302135124048
23.764882700099808956487357987908214963412407994286
26.377058375240097317309412044666608353869992769206
29.151959523015138372580223652153629115670890018956
32.096066938338200758870133412401154135976985857273
35.216689587574954908619120837099595042935028613282
38.522104509954773595116282069837133132469133999597
42.021730938809114810724114886431070041497466566935
45.726349503232980969947531828156288048440043121154
49.648381755040078219765084029365646254990984255898
53.802251844392905138630908902715317915720113583294
58.204862283117693355770484516938520617969633588068
62.876231725859762202333094660309032490356830385407
67.840368789112163954452242588104401227461305325858
73.126500069614390447351772936322335611695241821598
78.770848436160707165889966760902194949839170579598
84.819302241504915345873475554138888591347844451726
91.3316009766163054836331209628038704018957151023
98.388267163326747791976222550472588944592054678579
106.10292086754742828595860035272497573063102353532
114.64631047230914174179881726433945285119672533389
124.29988563509785761905822375384960392359234923913
135.60270289446873192609537735694289869894928639569
149.9439209736386034365464394716378535434976197978