0.067257817923161130962241503522212250436245859043512
0.3547728953235118270779899454485280151920865630702
0.87366016677864235686694028410726686458130204061452
1.6268699419292102463246163139794702706330042140011
2.6186264105455439088375917346704195106158590173532
3.8546521381097596585378337153003063423644383630887
5.3423692806224341298729090467208159499057962273202
7.0911688132196751422122731023262059800326407964604
9.1127788542697046703943964730902006156892779556282
11.421771762378382508057493150016912871262441991345
14.036270697873757765481491207366392242222219906589
16.978952692783837189838479645136506488170082944709
20.278509414993741305463138701180316120312214776265
23.971845587151476290013396579184785393158110518563
28.10752860094430624480137123470578629271569997555
32.751497410560833306112179423548163426177598139034
37.99718781926095385427877798345545001011960839067
43.98524575714221612382383001183251164630156229473
50.947351189939920973678968728586375244436732494515
59.325994120229994367905923131792126802908586753523
70.255688628018936999458158084029247662764490777927