0.07053988969198875336668900458421509586936062983531
0.37212681800161144379424138876114663667402821015618
0.91658210248327356466771627707418318720560419804297
1.7073065310283438806876896674130507061879399482153
2.7491992553094321296450304604948133842756169174058
4.0489253138508869223749533691333321965066524470376
5.6151749708616165141045398856518923479177568766444
7.4590174536710633097688602183718175953844771201739
9.5943928695810967724736727342827983781506378942144
12.038802546964316309623409298865515868227553873675
14.814293442630739978512679710047975674250757105644
17.948895520519376017365790992612509648678004429199
21.47878824028501097573517036959466921620975569711
25.451702793186905503518677484641541838163511223646
29.932554631700612006713656135165823251660560350598
35.013434240479000006284935906688139581765928732597
40.833057056728571062029567707807552671707659749199
47.619994047346502139941627152851121113143970342575
55.810795750063898890750773444497235628385311248334
66.524416525615753818640318791460665979634913005697