0.054564482717908535954120498793488061912761716111629
0.28770797910612360711728842795962585295301517848278
0.70801601947864492234285357526719482655740929631295
1.3170813660438441397113615697987696741982345743593
2.1171209446284692589143144757324753854794729188
3.1110938788779341219346314635070620890706022965074
4.302770876040370281051342715804600751692569787121
5.6968188261694659309943005597793573850628975449834
7.29890996307018320330184486794737988242087247295
9.1158628972942147501673310705468741510386725404469
11.155824954937510504614556247022648346982992977099
13.428509032459204123066148801906984769720571319194
15.945503948143318926253506174575016479130925865259
18.720686145460284721107517827814163071223355541277
21.770774608541435713125425593294494183248346403452
25.116093662316737710081848919138515141689622861609
28.781646873450168931613468212841418298961860382409
32.798673218409976318328428237178970608094944612425
37.206982629612827149539672526584861026809604995456
42.058615924434533810180194460688711921085925890167
47.423899356281529262726367359133337716970894010266
53.402185197253291637722141009299672094663514859092
60.142775690076896773566736117113763580955780284075
67.891479705451292611900280245351805515479068650426
77.117999069332859716738569756305135217636408774996
89.028402750410973337945749286613673966959674246723