0.036604291956600413970676680574449123216792469073577
0.19292946677486190874873545582175437796707454163708
0.4744306514626034773770155235443017807660868866645
0.88161852175042557740422059919557644692911325352958
1.4151534029644350679753465500131936619163902693589
2.0759000544414753629815484860838529748669158228377
2.8649400871242441815849142505354196964417620749587
3.78358280445079157125923596013071750669731868594
4.8333778104884625389097122380748260687474447053845
6.0161301557274294075897969285566282623328132792723
7.3339184964215967333445416569257642134101375005284
8.7891167619757293026876663968550602567628070535139
10.38441992269652639846956083717567682686513818786
12.122874592146699961864716731390722671530476556054
14.007915384768099866662091796386563141021380846314
16.043408191605697428515947851961819680563038049398
18.233701853349192343645270453187366213352160370704
20.583690127440614671819138202895584289946166788279
23.098886403465166436260221726709661943127379017826
25.785514374838579583085827015746508481709929586817
28.65061890810399576754073333758142525679153245787
31.702202788744929046031007317282839694701136091371
34.949397055097191300376191607655599404763829594538
38.402675557525423705160503304626534656641040805628
42.074128674236114598853809081713275199323614371153
45.977817557450932708402674801921833855236010356372
50.130240188495154740136399521749724525205933635016
54.550956176108401965141594261184606553098882856434
59.263442771504351443488416376683182697807930690984
64.296297777645466068194663799310572859364337357444
69.684981277416199586037689356391379412805086811927
75.474429567805443616562260576717042347455224474021
81.723153393237976843552609466389929514562384311146
88.51002366778251631222826409289390603093415574295
95.946323568541830645096958037780211010432571799747
104.19926132320354855800710915080303919640632890675
113.54437396417612820370413715228779800161012940639
124.50918289601379233603178428866437052301028111872
138.45237953106137032129700912659728164167926326558