0.056704775452705476280222589278177827619275714251695
0.2990108985869885507464999871587505003757202901402
0.73590955543501610544487025096272680903841554083489
1.3691831160351937021181878305402945654322924787284
2.2013260537214675584944302375568718576626649706036
3.2356758035580372287814207434398605557845436042966
4.4764966150738342158089737012075112750307258217098
5.9290837627004479275966486972163110291438903848719
7.5998993099567497453420092604842225543886137426603
9.4967492209324344788937002624567423847715329210912
11.629014911778752682303904949415892927395182375087
14.007957976545067645473926126084901707069915772015
16.647125597288782690725506236580797887523125743261
19.562898011469057138281435570808454738428757473849
22.775241986835040983140624846248305470106386634817
26.308772390968886822252421887080535354015773269642
30.194291163316105190845634078435358191383498371869
34.471097571922034440228902207211802296152099332453
39.190608803937420855756884993480442639349462956468
44.422349336162018809061667780024910526449678440446
50.264574993833539293357863208579695414118715846859
56.864967173940176284511706153862761046018497719841
64.466670615954134771600502441250084887924670010321
73.53423479210014908519474873822971335716028633335
85.260155562495958317757307222404874197656274250534