0.074158783757205087713136991602428527422263245183136
0.39126861331999460733764835029947567663696238742784
0.96395734399795805862487837712951758199530354965413
1.7961755820683281255772582525154335614032029861891
2.8936513818737839911649471323744603157409479360092
4.2642155396277664743604001816729929121660988612126
5.918141561644048558153601914078465723076267992909
7.8686189153347337310566835817627849653938568461139
10.132423716815265925162741579978140822879190590011
12.730881463842398004509297965560174131795045026445
15.691278339835888545413606986104638896199381172811
19.04899320982355015321364297320148499499159691644
22.850849760829482932393058669349128545877679128648
27.160669327411448878996394714948443379653231646822
32.069122251862242322436286590567809745753617503941
37.712905801219649477064750828268406089627581421128
44.317362795831496119606773601281722957838210748653
52.31290245740438316586442224203632995238901236448
62.802423153500375841350469067268161219160549675922