0.038556734186015022592173315999483278486953214241917
0.2032275099409585998700843083987472878970459655307
0.49978706644227012338280381868351901197635018083628
0.92882549934693066216565742354972195545678608821081
1.4911150120426225624708919876062602861571387059625
2.1876690719353285022342489626755654444154187798754
3.0197574676425097512892610125866703040561133362901
3.9889203029415885342162927170830776196389504250561
5.0969845446049991546562890162597728437086245820604
6.3460840606495494533081164289791472500510971319476
7.7386838135364333985089232386819687124303537610523
9.2776089418061887242761461807788393055597708777458
10.966079631310795660603837093846393603429950208495
12.80775291254541338046284552270412104711048817698
14.806772832457769390047440484308545089469768483582
16.967830861609724418198362018459101812986491219543
19.296238948189429875630160855299575916611024848587
21.798018374467604279527769016158331670324697453603
24.480008590749687593644620979182602371889758378358
27.350001619637796275093955632606488833305564845639
30.416909627456459506881136456774663290152527731105
33.690976143426304703894527245777442788737956104391
37.184045639222585811699078705802931140734798512871
40.90991252978050775272755558664292220714535713592
44.884780415154753613344895249203055468206547598816
49.127877806719788050213523953831747899779121599231
53.662301738694262913181266600741349071678873165614
58.516203220150028754763633190843067617036670994671
63.724503575444959564271090080307843930010061150575
69.331470026966007756738805644929673635398573749244
75.394753301696875622173226769612908125227565192461
81.992072000192307861742705950645473359780368656236
89.233082728233447919649718073001862140394281736091
97.28253366634952909046166764217081095124236144282
106.4118573194836118437378624457200781307137394419
117.14057111333492925054988259467206503364304620901
130.80622535165002462178954379547417156515580291544