0.033238085424746213181060108472866206908290483102559
0.17517712820996224005416351178612900503535254477973
0.43073107028859235020684734828079587225253488017638
0.80029172532678845414553369002199379826448408283102
1.28435331077381468873732645253349881273781300928
1.883560477507132398949034306124342668532267612987
2.5987172569253880290117526687768295600296394478594
3.4307938938215888450458332015014380559506530643296
4.3809345066194071085477531223166397340349239102413
5.4504661510862053458089728662470368072168124248073
6.6409095608549595249349663523629039820408274562874
7.9539918105216172582190356046541112534084166356576
9.3916611791501164210719474624668714410657053604555
10.956104547517913339090153609600363795591308356949
12.649767735758408353304332929478806779387280955919
14.475379281021626136257374233308305981164469985018
16.435978272258363799814500377860527207945128535392
18.534947008555947260000814640012462458132956968088
20.776049438837934709080538322242299779567768028132
23.163476588354721065995681567269915915469684462686
25.701900501015723608583349558994885835472464213804
28.396538654169700276826140302379630799624690424246
31.25323137387233548845866853068514419838384064629
34.278535551968399185394942890406179398501432514673
37.479839026960317508165322862655152974434522407141
40.865501466922973129196690694750376092638649858461
44.445029680818823981791701367624526846239933698208
48.229298290725243710409370508476928491327698009696
52.23083111096512176089815312267901820296399976866
56.464165202754220917376138882334953303082486330341
60.94632975686360149248608094276792853752812803301
65.697488056502592325211435452170690853097402872093
70.741817040700829198945597321386287470286787645672
76.108743433264453365301764437340085029851774164638
81.834733853655233431683298372271325780742903797647
87.965981904811245826386080893432341442273157568472
94.562622103834214168416892945521809907187245965036
101.70570905648291302669907657513208232704589720179
109.50961685166409318317698723642032525186125850163
118.14623736034144186643923571962577202588080033948
127.8989312705991770999131998347087278811427585141
139.31048441974577808110370929621335724653679399429
153.77990500254633382567853987670433098915905532565