0.039613206408602412742655607970826536591860312636961
0.20880028565435078704654073805562008475642151786247
0.51351077553519025536172298531852616867796287727662
0.95438115307914338184462884315921665841012416711499
1.5322492253938293791506718509526411185741432883
2.2482158178544077330161517894460991231322463988894
3.1036614904980219491453807174285293005044166728885
4.1002625456990110524402734250612700142958869735982
5.2400101087546737071987421453297116353935868874013
6.5252333304676742838247688246017299808820494827748
7.958627508998762066793129377875881825369542580514
9.5432880352784961427630886313871853671246491442122
11.282751286662646268945039577747997336875592632966
13.181043900248716225729417125198644178142757556965
15.242742266560329521361577429835663047951123723459
17.473044631414916962832749627799000953448141635976
19.877858933079959845896779491371230114308309353903
22.463910514391125414305101483277627979588129313279
25.238875257302324623241433924372846118741820174808
28.211545676882315756179277263880427308681533342812
31.392040374214916521778701853543761945141329415861
34.792071448003983517604732302492236816114022430022
38.425290764801225003467300448461453588394334158407
42.307745672076432284362547319072685198898633707132
46.458490042904836015031075050594753188343696449085
50.90042150332347440394232602953937984823505245684
55.661457914683809131957159401894288159642828845746
60.776240684528806762002580032991177408573214404083
66.28869068025383411960348996683309135878119608948
72.256014754456651766890858964766911264167500576458
78.755338162781540675309548888679669238063935854677
85.895481429496542837748262115661215125644449650955
93.839929784841404359229348957011109464211685780142
102.85801014711933042217767752821357264270673834867
113.46513548970711906393690322040383201757697372715
126.98801519664159534513835705977018788405411006765