0.041909920020069111634521964906707008499447679798224
0.22091640195235958413904107649392015306558925961102
0.54335369455654153226965887662571093712789558416688
1.0099677654843248193589012174978203967328542222435
1.6217519534739487790738142714165011333131531105572
2.3800146262422685601085332204499136023271630172813
3.2864001540017709208439790654766120324856354319283
4.3429101670516818997651541508223586673872863847435
5.5519292890365679174187966123733652088125543863014
6.9162567116922616750687165987625493407972269442809
8.4391447956883803208730342536475290736764297995921
10.12434610894348775656621496317864237164954051302
11.976170700835034768931265720740435445768997874092
13.999555947016372231607436256568802209491999135598
16.200152028494295725095459336418916834765812952902
18.584427107409875677390168668350988249983882315316
21.159797649874966938442988500728317749476622584754
23.934791306586670858493645187495493547465820783478
26.919252581223641738927167621276980555512527749819
30.124605652368005541366015942370367292281884996173
33.56419491650060782800984425125346327841693365097
37.253733351103332729721809051662030693703643679007
41.211903857730832085239055928544386275032855963162
45.46118330644089731911458097001139713103878160187
50.029000541299324397264916613407683106263880884108
54.949412893952780328962985719241953574327692714379
60.265621684680180788054610744346190070205064879237
66.033914923530762854780205218713924504369402250088
72.330193077791065382865841164688784119659762586861
79.26155448779584694028133186975738713445998623477
86.988886814947418934142400764937597461459914823072
95.777190422188147563447419013913888556539924272643
106.13344848238270912959948471175830584516424042443
119.36210667770356736114100047216107643873559130975