0.047407180540804851461661096626938515574196972256004
0.24992391675316022399372974148138421358600985485878
0.61483345439276828461297675163366485630077754872637
1.1431958256661007982844101862327130505611229384199
1.8364545546225722914861885183791578946688160376151
2.696521874557215195784951880949578709290215539389
3.7258145077795089493210775064894992396920132167234
4.9272937658498824096605853784280826107263305805849
6.3045155909650745228261260758682961843481264522606
7.8616932933702604687558739910218115406883562221555
9.6037759854792620798488300297519451375514706010386
11.536546597956139700802824636805677219310231944887
13.666744693064236294895506021106202612942241438949
16.002221188981066254623730763373099499915131209831
18.552134840143150124024710944518079758535568357222
21.327204321783128927933620109334006536337501354954
24.340035764532693400978074210770942778848068393512
27.605554796780961027581471382850906287068784606252
31.141586701111235818292048375556164456671906351415
34.96965200824906954358624446761299793711203116394
39.116084949067889121918874560913544548451069910349
43.613652908484827806657891256633417101893644298357
48.503986163804200427319621918741766242012412069023
53.841385406507505617466595154013507665043009257058
59.699121859235495477118593029344747031279110995853
66.180617794438489651684832840974422239026873995268
73.441238595559882239509855977154794874035192066233
81.736810506727685722227486282334953526356563259074
91.556466522536838255530618447155477802457886202581
104.15752443105889451181098846394221992971533716121