0.087649410478927840360198097340103462141957226930655
0.46269632891508083188083826066425379064771361782922
1.1410577748312268568779450181051784373443932738118
2.1292836450983806163261590706581788251036747238551
3.4370866338932066452351070167518506363681121423983
5.0780186145497679129230583081419290650410566835825
7.0703385350482341303959894708013377973907115507906
9.4383143363919387839472467291128233157596833315712
12.2142233688661587369391246088242028258260063886
15.441527368781617076764774162213510172456158693868
19.18015685675313485466314094973963152074358424594
23.515905693991908531823187275156254224431439633643
28.578729742882140367520613709877699560720238612648
34.583398702286625814527687177752583364021196976611
41.940452647688332635472233025186596374902502248119
51.7011603395433183643426971196738666271015706498